%% 
result=[                                      0  -0.000000000000003   0.000663330914188   0.002219888512655   0.336185521964743
   0.012500000000000   0.083889751416128   0.025671558715501   0.061602407236549   0.467232223229256
   0.055208333333333   0.308300299660102   0.071308032503477   0.100763355123087   0.547618817657603
   0.181250000000000   1.385210022870346   0.195740677739606   0.185854781323400   0.615054086265610
   0.189583333333333   1.875387094439753   0.239943745929042   0.265295107907252   0.693166983168477
   0.258854166666667   3.304728854234452   0.357549207958455   0.343660692307905   0.731939579402265
   0.278125000000000   4.313391335525560   0.366166629045095   0.383322877346063   0.792862081037110
   0.346875000000000   6.815008819042046   0.446935285221809   0.405264533268555   0.857529702961076
   0.318750000000000   6.561195605729472   0.425387873241559   0.443003621285682   0.926216654220058
   0.001041666666667   0.007587755515969   0.007729019096546   0.001471044096427   0.317155826384741
   0.053645833333333   0.330108485592489   0.029070722233251   0.038794765486983   0.370455272289374
   0.148437500000000   0.932345644371669   0.057947166407414   0.053650626640140   0.471647160770119
   0.241145833333333   2.432430357428848   0.114717602754322   0.135501187274579   0.566093219413383
   0.221354166666667   2.248768610526312   0.117866561279463   0.140738711039687   0.658368041297506
   0.298437500000000   3.686277064652133   0.166315267806921   0.184763187115695   0.735369039498889
   0.381770833333333   5.979386962234419   0.196453056995431   0.210812964416406   0.782547464794050
   0.465625000000000   8.553226068949181   0.181308169491166   0.188024496920190   0.825763105717499
   0.419791666666667   8.498925849333061   0.245649017394843   0.263659862587173   0.933182404956396
   0.013541666666667   0.094304987777905   0.004074808068742   0.005807624326371   0.286389543627866
   0.058333333333333   0.432861926549242   0.036732242930750   0.034983702077659   0.393134488755390
   0.222395833333333   1.623285895063617   0.075455155646283   0.084499098364657   0.433950212420894
   0.323437500000000   3.514792355242354   0.106650925127993   0.080806768031152   0.512991468719372
   0.310416666666667   3.763652452801727   0.145592179588855   0.148042836533142   0.653130157126146
   0.378645833333333   5.312416178541679   0.188777942317083   0.206845526759947   0.718275906831101
   0.514583333333333   9.006411287579853   0.150110852153068   0.181159702488732   0.733709626376431
   0.495312500000000  10.134712080980774   0.196783144436755   0.229746457390807   0.841949062494312
   0.563020833333333  13.385414366007295   0.204128120335781   0.260301161046036   0.898487262498673
                   0  -0.000000000000003  -0.000000000000000   0.000000000000000   0.032483059285111
   0.100000000000000   0.927578314536811   0.000345777965052   0.005931051008971   0.047798330953219
   0.378125000000000   2.830796391106745   0.006018516303142   0.007623287481898   0.066884623227637
   0.450000000000000   5.008354921039156   0.038298206431999   0.120340182656490   0.095387131601007
   0.500520833333333   7.200582544039150   0.107352305369953   0.126596925858574   0.135823665544625
   0.529166666666667   9.157339906992194   0.158949971248839   0.243499328069682   0.188835498479683
   0.550520833333333  11.685941257437690   0.233887569003634   0.322280717320058   0.220337396939660
   0.550000000000000  14.262771631234955   0.271907870701674   0.383705155541514   0.275116123998107
   0.561458333333334  15.991270708844228   0.309570574639363   0.331017291148294   0.428647231833075
   0.225000000000000   1.900511127317920   0.002889401288285   0.003943978097088   0.031799258385614
   0.580729166666667   4.641257727786859   0.010714230000716   0.018795180739685   0.037813074730060
   0.708854166666667   7.762101424890992   0.020654716843486   0.010132861309562   0.051503842178341
   0.728645833333334  10.066692783483361   0.038549118015236   0.029512297183061   0.093360632838749
   0.782812500000000  13.218358722225830   0.060169302568117   0.011730956030012   0.111143689776259
   0.803125000000000  16.245357810351990   0.049074258441556   0.022831732034462   0.168636216324826
   0.810416666666667  19.271113514932427   0.074096314880933   0.037945142927681   0.198246083256108
   0.829166666666667  22.725550965117147   0.064730304071099   0.037692623173136   0.220095859551397
   0.810937500000000  25.232271309346345   0.081172201778078   0.091174622335775   0.443679933697779
   0.347395833333333   2.912417783657790   0.002664905092319   0.000948015863312   0.022874851178978
   0.661458333333333   5.589960850249205   0.012837943948868   0.014597451519766   0.050019458306856
   0.794791666666666   9.116722161119563   0.030032718547875   0.006482370828540   0.050457658057531
   0.831770833333334  12.378994646699660   0.038532891668941   0.008535102220855   0.068468967988548
   0.866666666666666  15.627721394115087   0.036399042625134   0.042081620271759   0.120064625141742
   0.843750000000000  18.083283451493944   0.064647721095931   0.037156805885534   0.184434683338854
   0.873437500000000  22.249101361340731   0.060202886668536   0.031727781906483   0.173680963879225
   0.889062500000000  25.526442070247167   0.076496267878208   0.050467356794192   0.309007733159473
   0.868229166666667  28.304959026481800   0.070684596079532   0.056404237906731   0.441123995791508



                   0  -0.000000000000003   0.000050953780053   0.000565004898192   0.309622956248259
   0.043750000000000   0.307879009765077   0.005432173538512   0.010430742454654   0.299281771209922
   0.148437500000000   0.961076607248531   0.027984428878921   0.037744691950805   0.454705655026230
   0.236458333333333   2.100629593730599   0.056880401042440   0.077844463124408   0.502510356778229
   0.284375000000000   3.202050044911487   0.137516073402307   0.187495541431618   0.617310193561856
   0.352083333333333   4.806711120816096   0.109020560534558   0.150970757457795   0.626761667187023
   0.360416666666667   6.099861793673839   0.211920795676700   0.226780170487871   0.763320998752418
   0.337500000000000   6.384603452569071   0.208226159882177   0.272854999624890   0.841399252150836
   0.411979166666667   8.640697163762182   0.274896167583678   0.271966264725288   0.903450288422608
                   0  -0.000000000000003   0.000064845835728   0.000219923612553   0.311098690584423
   0.022395833333333   0.162387557560005   0.014783181170514   0.016819590225585   0.360402556473716
   0.116145833333333   0.742898687049524   0.032771640453147   0.034422647282705   0.471568427523381
   0.230729166666667   1.962357419592191   0.069458722689790   0.092272310888129   0.547787049213743
   0.260937500000000   2.627194984138598   0.088847764369946   0.135267790019761   0.643551996396265
   0.368229166666667   5.016325659073237   0.141678489162046   0.177728711575262   0.630970425491756
   0.323958333333333   5.288705806333562   0.146068197290466   0.201098138920963   0.749383226243012
   0.339583333333333   5.694408859445342   0.231443289664092   0.260621084941854   0.847684836144545
   0.327083333333333   6.810948792890969   0.250483995222416   0.291974272176867   0.929025443518323
                   0  -0.000000000000003   0.000272267188361   0.000113949535039   0.348613474942916
   0.019270833333333   0.141912453172145   0.008178598457021   0.020613380335258   0.404208794730966
   0.141145833333333   0.879737762190631   0.019970073029605   0.044711758885670   0.428712822408104
   0.234375000000000   2.013028826695788   0.042196920027105   0.066243603435721   0.509875845560815
   0.201562500000000   2.100508126345841   0.118030054098122   0.129951126003133   0.672576314491065
   0.304166666666667   4.126252594174345   0.127378409400342   0.149424783104131   0.669921986295108
